7 0 7 2 0 5 6 1 3 4 7
7 1 6 2 3 5 6 1 0 4 7
7 2 5 2 3 5 6 1 4 0 7
9 1 8 2 5 0 6 1 3 4 7
9 1 8 0 2 5 6 1 3 4 7
9 2 7 2 3 5 6 0 1 4 7
9 3 6 2 3 5 6 1 4 7 0
9 3 6 2 3 0 6 1 4 5 7
9 2 7 2 5 6 0 1 3 4 7
9 2 7 1 2 5 6 0 3 4 7
9 3 6 0 3 5 6 2 1 4 7
9 4 5 2 3 5 0 1 4 7 6
9 4 5 2 3 6 0 1 4 5 7
9 3 6 2 5 6 7 1 3 4 0
9 5 4 2 3 6 7 1 4 5 0
10 5 5 1 0 5 6 2 3 4 7
10 6 4 1 3 5 6 2 0 4 7
10 7 3 2 3 5 7 1 4 0 6
10 7 3 1 3 5 6 2 4 0 7
10 8 2 2 3 5 7 1 4 6 0
11 2 9 2 5 4 6 1 3 0 7
11 4 7 2 0 3 6 1 4 5 7
11 3 8 1 2 5 6 3 0 4 7
11 4 7 3 0 5 6 2 1 4 7
11 5 6 2 3 0 5 1 4 7 6
11 4 7 2 5 6 7 1 3 0 4
11 6 5 2 3 6 7 1 4 0 5
11 4 7 1 2 5 6 3 4 0 7
11 4 7 1 0 5 6 3 2 4 7
11 5 6 3 1 5 6 2 0 4 7
11 6 5 2 3 7 5 1 4 0 6
11 5 6 2 5 0 7 1 3 6 4
11 7 4 2 3 0 7 1 4 6 5
11 6 5 3 1 5 6 2 4 0 7
11 7 4 2 3 7 5 1 4 6 0
11 6 5 2 0 5 7 1 3 6 4
11 7 4 2 3 5 7 1 0 6 4
12 3 9 6 2 5 0 1 3 4 7
12 4 8 3 2 5 6 1 0 4 7
12 5 7 2 3 5 0 6 1 4 7
12 5 7 1 2 5 0 6 3 4 7
12 5 7 6 3 5 0 2 1 4 7
12 7 5 2 3 6 5 1 4 0 7
12 6 6 2 5 0 7 1 3 4 6
12 8 4 2 3 0 7 1 4 5 6
12 6 6 1 5 0 6 2 3 4 7
12 6 6 0 1 5 6 2 3 4 7
12 7 5 1 3 5 6 0 2 4 7
12 8 4 2 3 5 7 1 0 4 6
12 8 4 1 3 5 6 2 4 7 0
12 8 4 1 3 0 6 2 4 5 7
12 9 3 2 3 5 0 1 4 6 7
12 4 8 6 2 5 7 1 3 4 0
12 5 7 3 2 5 6 1 4 0 7
12 5 7 3 0 5 6 1 2 4 7
12 6 6 2 3 5 7 6 1 4 0
12 6 6 1 2 5 7 6 3 4 0
12 6 6 6 3 5 7 2 1 4 0
12 8 4 2 3 0 5 1 4 6 7
12 7 5 2 0 5 7 1 3 4 6
12 7 5 1 5 6 0 2 3 4 7
12 9 3 1 3 5 0 2 4 7 6
12 9 3 1 3 6 0 2 4 5 7
12 6 6 0 3 5 6 1 2 4 7
12 8 4 1 5 6 7 2 3 4 0
12 10 2 1 3 6 7 2 4 5 0
13 4 9 7 2 5 6 1 3 4 0
13 4 9 2 3 5 6 7 1 4 0
13 5 8 2 3 5 6 0 4 7 1
13 6 7 0 3 5 6 1 4 7 2
13 4 9 0 5 6 2 1 3 4 7
13 5 8 2 5 6 1 0 3 4 7
13 4 9 1 2 5 6 7 3 4 0
13 6 7 7 3 5 6 2 1 4 0
13 6 7 0 3 5 2 1 4 7 6
13 7 6 2 3 5 1 0 4 7 6
13 6 7 0 3 6 2 1 4 5 7
13 7 6 2 3 6 1 0 4 5 7
13 5 8 2 5 6 7 0 3 4 1
13 6 7 0 5 6 7 1 3 4 2
13 7 6 2 3 6 7 0 4 5 1
13 8 5 0 3 6 7 1 4 5 2
13 3 10 2 5 4 6 1 3 7 0
13 3 10 2 5 4 6 1 0 3 7
13 5 8 0 2 3 6 1 4 5 7
13 5 8 2 4 3 6 1 0 5 7
13 5 8 3 5 0 6 2 1 4 7
13 6 7 2 0 3 5 1 4 7 6
13 5 8 2 5 6 7 1 0 3 4
13 7 6 2 3 6 7 1 0 4 5
13 5 8 1 2 5 6 3 4 7 0
13 5 8 1 2 0 6 3 4 5 7
13 5 8 1 5 0 6 3 2 4 7
13 5 8 0 1 5 6 3 2 4 7
13 6 7 3 1 5 6 0 2 4 7
13 7 6 2 3 7 5 1 0 4 6
13 6 7 2 5 7 0 1 3 6 4
13 8 5 2 3 7 0 1 4 6 5
13 8 5 2 0 3 7 1 4 6 5
13 7 6 3 1 5 6 2 4 7 0
13 7 6 3 1 0 6 2 4 5 7
13 7 6 0 2 5 7 1 3 6 4
13 8 5 2 3 5 7 1 6 0 4
13 8 5 2 3 5 7 0 1 6 4
13 7 6 0 2 5 7 1 3 4 6
13 8 5 2 3 5 7 0 1 4 6
13 8 5 1 2 5 7 0 3 4 6
13 9 4 0 3 5 7 2 1 4 6
13 12 1 1 3 5 7 2 4 0 6
13 5 8 7 2 5 0 1 3 4 6
13 5 8 2 3 5 0 7 1 4 6
13 6 7 0 3 5 6 2 4 7 1
13 7 6 1 3 5 6 0 4 7 2
13 5 8 1 5 6 2 0 3 4 7
13 6 7 0 5 6 1 2 3 4 7
13 5 8 1 2 5 0 7 3 4 6
13 7 6 7 3 5 0 2 1 4 6
13 7 6 1 3 5 2 0 4 7 6
13 8 5 0 3 5 1 2 4 7 6
13 7 6 1 3 6 2 0 4 5 7
13 8 5 0 3 6 1 2 4 5 7
13 6 7 0 5 6 7 2 3 4 1
13 7 6 1 5 6 7 0 3 4 2
13 8 5 0 3 6 7 2 4 5 1
13 9 4 1 3 6 7 0 4 5 2
13 4 9 2 5 4 0 1 3 7 6
13 4 9 2 0 4 6 1 5 3 7
13 6 7 1 2 3 6 0 4 5 7
13 6 7 3 5 6 0 2 1 4 7
13 6 7 1 2 5 0 3 4 7 6
13 6 7 1 2 6 0 3 4 5 7
13 6 7 1 5 6 0 3 2 4 7
13 8 5 3 1 5 0 2 4 7 6
13 8 5 3 1 6 0 2 4 5 7
13 8 5 1 2 5 7 0 3 6 4
13 9 4 2 3 5 7 1 6 4 0
13 9 4 0 3 5 7 2 1 6 4
13 13 0 1 3 5 7 2 4 6 0
