6 0 6 5 4 0 3 1 2 6 7
7 1 6 5 4 3 0 1 2 6 7
7 1 6 5 0 4 3 1 2 6 7
7 2 5 5 4 3 7 1 2 6 0
8 1 7 5 4 6 3 1 2 0 7
8 2 6 0 5 4 3 1 2 6 7
8 2 6 5 2 4 3 1 0 6 7
8 2 6 5 4 6 3 1 2 7 0
8 3 5 1 5 4 3 0 2 6 7
8 3 5 5 2 4 3 1 6 0 7
8 4 4 1 5 4 3 2 0 6 7
8 4 4 5 2 4 3 1 6 7 0
9 3 6 0 4 3 5 1 2 6 7
9 3 6 5 4 3 7 1 2 0 6
9 4 5 5 4 3 7 0 2 6 1
9 2 7 5 4 6 3 1 0 2 7
9 3 6 5 2 4 3 0 1 6 7
9 3 6 5 4 6 0 1 2 7 3
9 4 5 5 2 0 3 1 6 4 7
9 5 4 1 0 4 3 2 5 6 7
9 5 4 5 2 4 0 1 6 7 3
9 4 5 1 4 3 5 0 2 6 7
9 5 4 5 4 3 7 2 0 6 1
9 3 6 5 0 6 3 1 4 2 7
9 4 5 0 2 4 3 5 1 6 7
9 5 4 5 2 3 0 1 6 4 7
9 6 3 5 2 0 4 1 6 7 3
9 5 4 1 4 3 5 2 0 6 7
9 6 3 5 0 3 7 2 4 6 1
9 6 3 1 0 3 5 2 4 6 7
9 7 2 5 3 0 7 2 4 6 1
9 7 2 1 3 0 5 2 4 6 7
9 8 1 1 3 5 0 2 4 6 7
9 9 0 1 3 5 7 2 4 6 0
