10 0 10 0 2 1 5 3 4 7 6
10 1 9 2 0 1 5 3 4 7 6
10 1 9 3 2 1 5 0 4 7 6
10 2 8 2 1 0 5 3 4 7 6
10 3 7 2 1 5 0 3 4 7 6
10 3 7 2 1 7 5 3 4 0 6
10 4 6 2 1 7 5 3 4 6 0
11 4 7 3 0 1 5 2 4 7 6
11 6 5 2 1 5 7 3 4 0 6
11 5 6 3 1 0 5 2 4 7 6
11 5 6 0 3 1 5 2 4 7 6
11 7 4 2 1 5 7 3 4 6 0
11 6 5 3 1 5 0 2 4 7 6
11 6 5 3 1 7 5 2 4 0 6
11 7 4 3 1 7 5 2 4 6 0
12 2 10 2 4 1 5 3 0 7 6
12 2 10 3 2 1 5 4 0 7 6
12 4 8 2 1 5 6 3 4 7 0
12 4 8 2 1 7 5 3 0 4 6
12 5 7 2 1 7 0 3 4 6 5
12 9 3 3 1 5 7 2 4 0 6
12 3 9 2 4 1 5 0 3 7 6
12 3 9 3 0 1 5 4 2 7 6
12 5 7 2 1 5 6 3 4 0 7
12 5 7 2 1 7 5 0 3 4 6
12 6 6 2 1 0 7 3 4 6 5
12 10 2 3 1 5 7 2 4 6 0
12 4 8 0 4 1 5 2 3 7 6
12 4 8 3 1 0 5 4 2 7 6
12 4 8 0 3 1 5 4 2 7 6
12 6 6 0 1 7 5 2 3 4 6
12 5 7 3 1 5 0 4 2 7 6
12 5 7 3 1 7 5 4 2 0 6
12 7 5 1 0 7 5 2 3 4 6
12 6 6 3 1 7 5 4 2 6 0
12 8 4 1 3 7 5 2 0 4 6
12 9 3 1 3 7 5 2 4 0 6
12 10 2 1 3 7 5 2 4 6 0
13 2 11 5 2 1 0 3 4 7 6
13 3 10 3 2 1 5 6 4 7 0
13 4 9 3 2 1 0 5 4 7 6
13 6 7 2 1 5 3 0 4 7 6
13 6 7 2 1 7 5 0 4 6 3
13 7 6 2 1 0 5 3 4 6 7
13 5 8 3 4 1 5 2 0 7 6
13 7 6 2 1 5 7 3 0 4 6
13 7 6 2 1 0 7 3 4 5 6
13 6 7 2 3 1 5 0 4 7 6
13 8 5 2 1 5 0 3 4 6 7
13 7 6 3 1 5 6 2 4 7 0
13 7 6 3 1 7 5 2 0 4 6
13 8 5 3 1 7 0 2 4 6 5
13 8 5 3 1 5 7 4 2 0 6
13 4 9 3 2 1 5 6 4 0 7
13 7 6 0 1 5 3 2 4 7 6
13 7 6 0 1 7 5 2 4 6 3
13 8 5 2 1 5 7 0 3 4 6
13 8 5 3 1 5 6 2 4 0 7
13 9 4 3 1 0 7 2 4 6 5
13 9 4 3 1 5 7 4 2 6 0
13 8 5 1 0 5 3 2 4 7 6
13 8 5 1 0 7 5 2 4 6 3
13 9 4 0 1 5 7 2 3 4 6
13 10 3 1 0 5 7 2 3 4 6
13 11 2 1 3 5 7 2 0 4 6
13 12 1 1 3 5 7 2 4 0 6
13 13 0 1 3 5 7 2 4 6 0
