7 0 7 2 1 3 5 6 0 7 4
7 1 6 2 1 3 5 0 6 7 4
7 4 3 2 1 3 0 5 6 7 4
7 5 2 2 1 3 4 5 6 7 0
9 1 8 2 1 3 5 6 7 0 4
9 1 8 2 0 3 5 6 1 7 4
9 2 7 0 1 3 5 2 6 7 4
9 5 4 2 1 0 3 5 6 7 4
9 6 3 2 1 3 4 5 6 0 7
9 2 7 0 2 3 5 6 1 7 4
9 3 6 1 0 3 5 2 6 7 4
9 4 5 5 1 3 0 2 6 7 4
9 4 5 5 2 3 0 6 1 7 4
9 5 4 5 1 3 4 2 6 7 0
9 5 4 5 2 3 4 6 1 7 0
10 4 6 2 0 3 5 1 6 7 4
10 6 4 0 1 3 2 5 6 7 4
10 5 5 1 2 3 5 6 0 7 4
10 4 6 1 3 0 5 2 6 7 4
10 5 5 0 2 3 5 1 6 7 4
10 7 3 1 0 3 2 5 6 7 4
10 6 4 1 2 3 5 0 6 7 4
10 5 5 1 3 5 0 2 6 7 4
10 5 5 1 3 7 5 2 6 0 4
10 7 3 5 2 3 0 1 6 7 4
10 9 1 1 2 3 0 5 6 7 4
10 6 4 1 3 7 5 2 6 4 0
10 6 4 1 3 7 5 2 0 6 4
10 8 2 5 2 3 4 1 6 7 0
10 10 0 1 2 3 4 5 6 7 0
