8 0 8 1 4 6 7 0 5 3 2
8 2 6 1 4 6 7 2 5 3 0
10 1 9 1 4 6 7 5 0 3 2
10 1 9 0 4 6 7 1 5 3 2
10 3 7 1 4 6 7 2 5 0 3
10 3 7 1 4 6 0 2 5 3 7
10 2 8 1 4 6 7 5 3 0 2
10 2 8 1 0 6 7 5 4 3 2
10 4 6 1 4 6 7 2 0 5 3
10 4 6 1 4 0 7 2 5 6 3
10 3 7 1 4 0 7 5 3 6 2
10 5 5 1 0 6 7 2 4 5 3
11 3 8 1 0 6 7 4 5 3 2
11 5 6 1 4 0 7 2 5 3 6
11 3 8 1 4 6 7 5 3 2 0
11 4 7 1 5 6 7 4 0 3 2
11 6 5 1 4 3 7 2 5 0 6
11 5 6 1 5 6 7 4 3 0 2
11 5 6 1 5 6 7 0 4 3 2
11 7 4 1 4 3 7 2 5 6 0
11 7 4 1 4 3 7 2 0 5 6
11 6 5 1 5 0 7 4 3 6 2
11 7 4 1 5 6 7 2 4 3 0
11 8 3 1 0 3 7 2 4 5 6
11 7 4 1 0 5 7 4 3 6 2
11 9 2 1 3 0 7 2 4 5 6
11 8 3 1 3 5 7 4 0 6 2
11 10 1 1 3 5 7 2 4 0 6
11 9 2 1 3 5 7 0 4 6 2
11 11 0 1 3 5 7 2 4 6 0
