9 0 9 5 3 0 1 6 4 2 7
10 1 9 5 3 1 0 6 4 2 7
10 2 8 5 3 1 7 6 4 2 0
11 1 10 5 0 3 1 6 4 2 7
11 1 10 5 3 2 1 6 4 0 7
11 3 8 0 3 1 5 6 4 2 7
11 3 8 5 3 1 7 6 4 0 2
11 4 7 5 3 1 7 0 4 2 6
11 2 9 0 5 3 1 6 4 2 7
11 2 9 5 4 3 1 6 0 2 7
11 2 9 5 3 2 1 6 4 7 0
11 2 9 5 3 2 1 6 0 4 7
11 4 7 1 5 3 0 6 4 2 7
11 3 8 5 4 3 1 6 2 0 7
11 3 8 5 4 3 1 0 6 2 7
11 3 8 5 3 2 1 0 6 4 7
11 5 6 1 5 3 7 6 4 2 0
11 4 7 5 4 3 1 6 2 7 0
11 4 7 0 4 3 1 5 6 2 7
11 4 7 0 3 2 1 5 6 4 7
11 6 5 1 4 3 0 5 6 2 7
11 6 5 1 3 2 0 5 6 4 7
12 6 6 1 5 3 7 6 4 0 2
12 7 5 1 5 3 7 0 4 2 6
12 5 7 4 0 3 1 5 6 2 7
12 9 3 1 3 2 4 5 6 0 7
12 10 2 1 3 2 4 5 6 7 0
13 4 9 5 3 1 6 0 4 2 7
13 5 8 0 3 1 7 6 4 2 5
13 4 9 3 0 1 5 6 4 2 7
13 4 9 6 3 1 5 0 4 2 7
13 4 9 5 3 1 7 6 0 4 2
13 4 9 5 3 0 7 6 4 1 2
13 5 8 5 3 1 7 4 0 2 6
13 5 8 0 3 1 7 5 4 2 6
13 3 10 6 5 3 1 0 4 2 7
13 3 10 5 3 2 0 6 4 7 1
13 3 10 5 0 2 1 6 3 4 7
13 5 8 1 5 0 3 6 4 2 7
13 4 9 5 4 0 1 6 2 3 7
13 6 7 5 4 3 0 1 6 2 7
13 6 7 5 3 2 0 1 6 4 7
13 5 8 5 4 3 0 6 2 7 1
13 5 8 3 0 2 1 5 6 4 7
13 7 6 1 4 0 3 5 6 2 7
13 7 6 1 4 3 7 5 6 2 0
13 7 6 1 3 0 2 5 6 4 7
13 7 6 1 3 2 7 5 6 4 0
13 5 8 3 1 0 5 6 4 2 7
13 5 8 5 3 1 7 0 6 4 2
13 6 7 5 3 1 7 4 2 0 6
13 4 9 5 2 0 1 6 3 4 7
13 6 7 1 0 5 3 6 4 2 7
13 5 8 5 0 4 1 6 2 3 7
13 6 7 3 2 0 1 5 6 4 7
13 8 5 1 0 4 3 5 6 2 7
13 8 5 1 4 2 3 5 6 0 7
13 8 5 1 0 3 2 5 6 4 7
13 8 5 1 3 4 2 5 6 0 7
13 8 5 1 3 2 7 5 6 0 4
13 6 7 3 1 5 0 6 4 2 7
13 7 6 5 3 1 7 2 6 4 0
13 7 6 5 3 1 7 4 2 6 0
13 5 8 5 2 4 1 6 3 0 7
13 6 7 5 2 4 1 6 0 3 7
13 7 6 3 2 4 1 5 6 0 7
13 9 4 1 4 2 3 5 6 7 0
13 9 4 1 3 4 2 5 6 7 0
13 7 6 3 1 5 7 6 4 2 0
13 6 7 5 2 4 1 6 3 7 0
13 7 6 5 2 4 1 0 6 3 7
13 8 5 3 2 4 1 5 6 7 0
13 8 5 0 2 4 1 5 6 3 7
13 10 3 1 2 4 0 5 6 3 7
13 11 2 1 2 0 4 5 6 3 7
13 12 1 1 2 3 4 5 6 0 7
13 13 0 1 2 3 4 5 6 7 0
