10 0 10 4 3 0 1 7 2 6 5
11 1 10 4 3 1 0 7 2 6 5
11 1 10 4 0 3 1 7 2 6 5
11 2 9 4 3 1 5 7 2 6 0
11 4 7 4 3 1 7 0 2 6 5
11 2 9 4 2 3 1 7 0 6 5
11 4 7 4 3 1 5 0 2 6 7
11 5 6 4 3 1 7 2 0 6 5
11 5 6 0 3 1 7 4 2 6 5
11 3 8 4 2 3 1 7 6 0 5
11 3 8 4 2 3 1 0 7 6 5
11 5 6 4 3 1 5 2 0 6 7
11 5 6 0 3 1 5 4 2 6 7
11 5 6 4 2 3 1 5 7 6 0
12 1 11 4 3 6 1 7 2 0 5
12 3 9 0 3 1 4 7 2 6 5
12 2 10 0 4 3 1 7 2 6 5
12 4 8 4 2 3 1 7 6 5 0
12 2 10 4 3 6 1 7 2 5 0
12 3 9 7 4 3 1 0 2 6 5
12 4 8 1 4 3 0 7 2 6 5
12 4 8 4 3 6 1 0 2 5 7
12 4 8 7 4 3 1 2 0 6 5
12 5 7 1 4 3 5 7 2 6 0
12 7 5 1 4 3 7 0 2 6 5
12 5 7 4 3 6 1 2 0 5 7
12 5 7 0 3 6 1 4 2 5 7
12 5 7 7 0 3 1 2 4 6 5
12 7 5 1 4 3 5 0 2 6 7
12 8 4 1 4 3 7 2 0 6 5
12 7 5 1 3 6 0 4 2 5 7
12 6 6 7 3 0 1 2 4 6 5
12 8 4 1 4 3 5 2 0 6 7
12 9 3 1 0 3 7 2 4 6 5
12 8 4 1 3 6 7 4 2 5 0
12 9 3 1 0 3 5 2 4 6 7
12 10 2 1 3 0 7 2 4 6 5
12 10 2 1 3 0 5 2 4 6 7
12 11 1 1 3 5 0 2 4 6 7
12 12 0 1 3 5 7 2 4 6 0
