6 0 6 1 4 6 3 7 2 0 5
6 1 5 1 4 0 3 7 2 6 5
7 1 6 1 4 6 3 7 2 5 0
7 1 6 1 4 6 3 7 0 2 5
7 2 5 1 4 3 0 7 2 6 5
7 2 5 1 0 4 3 7 2 6 5
7 2 5 1 0 6 3 7 4 2 5
8 2 6 1 4 6 0 7 2 5 3
8 2 6 1 4 6 3 0 7 2 5
8 3 5 1 4 3 5 7 2 6 0
8 3 5 1 2 4 3 7 0 6 5
8 3 5 1 6 0 3 7 4 2 5
8 4 4 1 2 4 3 7 6 0 5
9 3 6 1 4 6 3 0 2 5 7
9 5 4 1 4 3 7 0 2 6 5
9 3 6 0 1 4 3 7 2 6 5
9 3 6 0 1 6 3 7 4 2 5
9 3 6 1 4 0 6 7 2 5 3
9 4 5 1 4 6 3 5 7 2 0
9 4 5 1 4 3 5 7 2 0 6
9 4 5 1 2 4 3 0 7 6 5
9 4 5 1 6 3 0 7 4 2 5
9 4 5 1 6 2 3 7 4 0 5
9 5 4 1 2 4 3 7 6 5 0
9 5 4 1 2 0 3 7 6 4 5
9 4 5 1 4 6 3 2 0 5 7
9 6 3 1 4 3 7 2 0 6 5
9 4 5 1 4 5 6 7 2 0 3
9 6 3 1 2 3 0 7 6 4 5
9 5 4 1 0 6 3 2 4 5 7
9 7 2 1 0 3 7 2 4 6 5
9 8 1 1 3 0 7 2 4 6 5
10 4 6 1 4 0 3 7 2 5 6
10 4 6 0 4 3 1 7 2 6 5
10 5 5 1 4 3 6 7 2 0 5
10 5 5 1 4 6 7 0 2 5 3
10 3 7 0 4 6 3 1 7 2 5
10 5 5 1 4 3 5 0 2 6 7
10 4 6 7 1 4 3 0 2 6 5
10 4 6 7 1 6 3 0 4 2 5
10 4 6 1 0 4 6 7 2 5 3
10 5 5 1 4 6 3 5 7 0 2
10 5 5 1 4 6 0 5 7 2 3
10 5 5 1 4 3 5 7 0 2 6
10 6 4 1 2 4 3 5 7 6 0
10 5 5 1 6 3 5 7 4 2 0
10 5 5 1 6 2 3 7 4 5 0
10 6 4 1 2 4 0 7 6 5 3
10 5 5 1 4 6 3 2 5 0 7
10 5 5 1 4 5 6 7 2 3 0
10 5 5 1 4 5 6 7 0 2 3
10 7 3 1 2 3 5 7 6 4 0
10 6 4 1 6 0 3 2 4 5 7
10 5 5 1 4 3 0 7 2 5 6
10 5 5 1 4 5 3 7 2 0 6
10 6 4 1 4 6 7 2 0 5 3
10 6 4 1 4 3 5 2 0 6 7
10 5 5 7 1 4 3 2 0 6 5
10 5 5 1 2 4 6 7 0 5 3
10 6 4 1 4 6 3 5 0 7 2
10 7 3 1 2 0 4 7 6 5 3
10 6 4 1 4 0 3 2 5 6 7
10 6 4 1 0 5 6 7 4 2 3
10 7 3 1 6 5 3 2 4 0 7
10 6 4 1 4 5 3 7 2 6 0
10 7 3 1 0 6 7 2 4 5 3
10 7 3 1 0 3 5 2 4 6 7
10 8 2 1 3 0 5 2 4 6 7
10 9 1 1 3 5 0 2 4 6 7
10 10 0 1 3 5 7 2 4 6 0
