10 0 10 1 4 6 3 7 2 0 5
10 1 9 1 4 6 3 7 2 5 0
10 1 9 1 4 0 3 7 2 6 5
10 3 7 1 4 6 3 0 2 5 7
10 2 8 1 4 3 0 7 2 6 5
10 2 8 1 0 4 3 7 2 6 5
10 4 6 1 4 6 3 2 0 5 7
10 3 7 1 4 3 5 7 2 6 0
10 5 5 1 4 3 7 0 2 6 5
10 3 7 1 2 4 3 7 0 6 5
10 5 5 1 0 6 3 2 4 5 7
10 5 5 1 4 3 5 0 2 6 7
10 6 4 1 4 3 7 2 0 6 5
10 4 6 1 2 4 3 7 6 0 5
10 4 6 1 2 4 3 0 7 6 5
10 6 4 1 4 3 5 2 0 6 7
10 7 3 1 0 3 7 2 4 6 5
10 6 4 1 2 4 3 5 7 6 0
10 7 3 1 0 3 5 2 4 6 7
10 8 2 1 3 0 7 2 4 6 5
10 8 2 1 3 0 5 2 4 6 7
10 9 1 1 3 5 0 2 4 6 7
10 10 0 1 3 5 7 2 4 6 0
