7 0 7 0 6 5 7 1 4 3 2
7 1 6 1 6 5 7 0 4 3 2
7 3 4 1 6 5 7 2 4 3 0
9 1 8 6 0 5 7 1 4 3 2
9 3 6 2 6 5 7 1 4 3 0
9 2 7 1 6 5 7 4 0 3 2
9 4 5 1 6 5 7 2 4 0 3
9 4 5 1 6 5 0 2 4 3 7
9 3 6 1 6 5 7 4 3 0 2
9 3 6 1 0 5 7 4 6 3 2
10 4 6 1 0 5 7 6 4 3 2
10 4 6 1 6 5 7 4 3 2 0
11 2 9 7 6 5 0 1 4 3 2
11 2 9 6 5 0 7 1 4 3 2
11 2 9 6 4 5 7 1 0 3 2
11 4 7 2 6 5 7 1 4 0 3
11 4 7 2 6 5 0 1 4 3 7
11 5 6 1 6 5 7 2 0 4 3
11 5 6 1 6 0 7 2 4 5 3
11 5 6 1 6 0 5 2 4 3 7
11 4 7 1 6 0 7 4 3 5 2
11 4 7 1 5 0 7 4 6 3 2
11 4 7 0 1 5 7 4 6 3 2
11 3 8 6 5 3 7 1 4 0 2
11 3 8 6 4 5 7 1 3 0 2
11 6 5 1 0 5 7 2 6 4 3
11 6 5 1 0 6 7 2 4 5 3
11 6 5 1 0 6 5 2 4 3 7
11 6 5 1 6 3 5 2 4 0 7
11 5 6 1 0 6 7 4 3 5 2
11 5 6 1 5 3 7 4 6 0 2
11 6 5 1 3 6 7 4 0 5 2
11 6 5 1 5 3 7 4 0 6 2
11 7 4 1 3 6 7 0 4 5 2
11 7 4 1 5 3 7 0 4 6 2
11 9 2 1 3 6 7 2 4 5 0
11 9 2 1 5 3 7 2 4 6 0
12 3 9 4 6 5 7 1 0 3 2
12 6 6 1 6 0 7 2 4 3 5
12 7 5 1 6 5 3 2 4 0 7
12 5 7 1 5 0 7 6 4 3 2
12 5 7 0 1 5 7 6 4 3 2
12 5 7 1 4 5 7 6 0 3 2
12 5 7 1 6 5 0 4 3 2 7
12 4 8 6 5 3 7 1 4 2 0
12 4 8 6 4 5 7 1 3 2 0
12 6 6 1 5 3 7 4 6 2 0
12 4 8 4 6 5 7 1 3 0 2
12 4 8 4 0 5 7 1 6 3 2
12 7 5 1 0 6 7 2 4 3 5
12 7 5 1 6 3 7 2 4 0 5
12 6 6 1 5 3 7 6 4 0 2
12 6 6 1 4 5 7 6 3 0 2
12 6 6 1 4 5 7 0 6 3 2
12 5 7 0 4 5 7 1 6 3 2
12 8 4 1 6 3 7 2 4 5 0
12 8 4 1 4 5 7 2 6 3 0
13 4 9 1 6 5 0 7 4 3 2
13 6 7 0 6 5 7 2 4 3 1
13 5 8 2 6 5 7 0 4 3 1
13 6 7 0 6 5 1 2 4 3 7
13 6 7 1 6 5 7 0 3 2 4
13 3 10 7 6 0 5 1 4 3 2
13 3 10 7 6 5 2 1 4 3 0
13 3 10 6 5 7 0 1 4 3 2
13 3 10 6 4 5 7 0 1 3 2
13 5 8 2 6 5 7 1 0 4 3
13 5 8 2 6 0 7 1 4 5 3
13 5 8 2 6 0 5 1 4 3 7
13 6 7 1 6 5 7 0 2 4 3
13 6 7 1 6 7 0 2 4 5 3
13 5 8 1 6 7 0 4 3 5 2
13 5 8 1 5 7 0 4 6 3 2
13 5 8 4 1 5 7 0 6 3 2
13 7 6 2 1 5 7 4 6 3 0
13 4 9 6 5 3 7 1 0 4 2
13 4 9 6 4 0 7 1 3 5 2
13 7 6 1 5 0 7 2 6 4 3
13 7 6 0 1 5 7 2 6 4 3
13 7 6 0 1 6 7 2 4 5 3
13 7 6 1 4 6 7 2 0 5 3
13 7 6 0 1 6 5 2 4 3 7
13 7 6 1 4 6 5 2 0 3 7
13 7 6 1 6 3 5 2 4 7 0
13 7 6 1 6 3 5 2 0 4 7
13 6 7 0 1 6 7 4 3 5 2
13 7 6 1 3 6 7 4 5 0 2
13 7 6 1 0 3 7 4 5 6 2
13 8 5 0 3 6 7 1 4 5 2
13 8 5 0 5 3 7 1 4 6 2
13 10 3 1 3 6 7 2 4 0 5
13 10 3 1 3 6 0 2 4 5 7
13 10 3 1 5 3 7 2 4 0 6
13 10 3 1 5 3 0 2 4 6 7
13 7 6 0 5 3 7 1 4 2 6
13 7 6 0 4 5 7 1 3 2 6
13 5 8 4 6 5 7 1 3 2 0
13 7 6 1 5 3 7 6 4 2 0
13 7 6 1 4 5 7 6 3 2 0
13 4 9 7 0 6 5 1 4 3 2
13 4 9 7 6 3 5 1 4 0 2
13 4 9 0 4 5 7 6 1 3 2
13 5 8 6 4 5 7 2 1 3 0
13 6 7 2 0 5 7 1 6 4 3
13 6 7 2 0 6 7 1 4 5 3
13 6 7 2 0 6 5 1 4 3 7
13 6 7 2 6 3 5 1 4 0 7
13 7 6 1 6 7 3 2 4 5 0
13 7 6 4 1 5 7 2 6 3 0
13 8 5 1 4 6 5 2 3 0 7
13 8 5 1 0 3 5 2 6 4 7
13 8 5 1 3 0 7 4 5 6 2
13 11 2 1 3 0 7 2 4 6 5
13 8 5 1 5 3 7 0 4 2 6
13 8 5 1 4 5 7 0 3 2 6
13 9 4 1 4 0 5 2 3 6 7
13 9 4 1 3 0 5 2 6 4 7
13 10 3 1 4 5 0 2 3 6 7
13 10 3 1 3 5 0 2 6 4 7
13 11 2 1 4 5 7 2 3 6 0
13 11 2 1 3 5 7 2 6 4 0
14 6 8 2 6 0 7 1 4 3 5
14 5 9 7 6 5 3 1 4 0 2
14 7 7 2 6 5 3 1 4 0 7
14 12 2 1 3 0 7 2 4 5 6
14 4 10 4 6 5 7 0 1 3 2
14 7 7 1 6 7 0 2 4 3 5
14 8 6 1 6 5 3 2 4 7 0
14 8 6 1 6 5 3 2 0 4 7
14 8 6 1 6 0 3 2 4 5 7
14 6 8 1 5 7 0 6 4 3 2
14 6 8 6 1 5 7 0 4 3 2
14 8 6 2 1 5 7 6 4 3 0
14 6 8 1 6 0 5 4 3 2 7
14 5 9 6 5 3 0 1 4 2 7
14 5 9 6 4 5 0 1 3 2 7
14 7 7 1 5 3 0 4 6 2 7
14 5 9 4 6 0 7 1 3 5 2
14 5 9 4 5 0 7 1 6 3 2
14 8 6 0 1 6 7 2 4 3 5
14 8 6 1 4 6 7 2 0 3 5
14 8 6 1 6 3 7 2 0 4 5
14 7 7 1 5 3 7 6 0 4 2
14 7 7 1 4 0 7 6 3 5 2
14 8 6 2 4 5 7 1 6 3 0
14 9 5 1 6 3 0 2 4 5 7
14 9 5 1 4 5 7 2 6 0 3
14 9 5 1 4 5 0 2 6 3 7
14 5 9 0 5 7 6 1 4 3 2
14 8 6 1 6 5 7 3 2 4 0
14 10 4 3 1 5 7 2 6 4 0
14 10 4 3 1 6 7 2 4 5 0
14 8 6 1 3 6 7 4 5 2 0
14 5 9 0 7 6 5 1 4 3 2
14 5 9 7 6 3 5 1 4 2 0
14 8 6 0 4 5 7 2 1 3 6
14 7 7 2 0 6 7 1 4 3 5
14 7 7 2 6 3 7 1 4 0 5
14 13 1 1 3 5 7 2 4 0 6
14 5 9 0 6 5 7 4 1 3 2
14 6 8 4 6 5 7 2 1 3 0
14 8 6 1 6 7 5 2 4 3 0
14 9 5 1 0 5 3 2 6 4 7
14 9 5 1 0 6 3 2 4 5 7
14 8 6 6 1 5 7 2 4 3 0
14 7 7 1 0 6 5 4 3 2 7
14 6 8 4 0 6 7 1 3 5 2
14 6 8 4 5 3 7 1 6 0 2
14 9 5 1 4 6 7 2 3 0 5
14 9 5 1 0 3 7 2 6 4 5
14 8 6 1 5 3 7 0 6 4 2
14 10 4 1 4 5 7 2 0 6 3
14 6 8 1 5 7 6 0 4 3 2
14 6 8 1 7 6 5 0 4 3 2
14 8 6 2 6 3 7 1 4 5 0
14 14 0 1 3 5 7 2 4 6 0
