11 0 11 7 0 4 1 2 5 3 6
11 1 10 7 4 0 1 2 5 3 6
11 1 10 7 5 4 1 2 0 3 6
11 2 9 7 4 3 1 2 5 0 6
11 2 9 7 5 4 1 2 3 0 6
11 3 8 7 4 3 1 2 5 6 0
11 3 8 7 4 3 1 2 0 5 6
11 3 8 7 5 4 1 2 3 6 0
11 3 8 7 5 0 1 2 3 4 6
11 4 7 7 0 3 1 2 4 5 6
11 4 7 7 0 5 1 2 3 4 6
11 5 6 7 3 0 1 2 4 5 6
11 5 6 7 3 5 1 2 0 4 6
11 6 5 7 3 5 1 2 4 0 6
11 7 4 7 3 5 1 2 4 6 0
12 1 11 0 7 4 1 2 5 3 6
12 2 10 7 4 1 0 2 5 3 6
12 4 8 7 5 1 0 2 3 4 6
12 5 7 0 7 3 1 2 4 5 6
12 5 7 0 7 5 1 2 3 4 6
12 6 6 7 3 1 0 2 4 5 6
12 2 10 2 7 4 1 0 5 3 6
12 3 9 1 7 4 0 2 5 3 6
12 4 8 0 4 1 7 2 5 3 6
12 6 6 0 5 1 7 2 3 4 6
12 7 5 1 7 3 0 2 4 5 6
12 7 5 1 7 5 0 2 3 4 6
12 8 4 0 3 1 7 2 4 5 6
12 3 9 2 7 4 1 5 0 3 6
12 4 8 1 7 0 4 2 5 3 6
12 4 8 2 0 4 1 5 7 3 6
12 5 7 1 0 7 4 2 5 3 6
12 5 7 1 7 3 4 2 5 0 6
12 5 7 0 2 4 1 5 7 3 6
12 6 6 1 7 3 4 2 5 6 0
12 7 5 1 2 4 0 5 7 3 6
12 8 4 1 2 0 4 5 7 3 6
12 9 3 1 2 3 4 5 7 0 6
12 10 2 1 2 3 4 5 7 6 0
12 10 2 1 2 3 4 5 0 7 6
13 2 11 7 5 4 1 0 2 3 6
13 4 9 7 4 3 0 2 5 6 1
13 6 7 0 4 3 1 2 5 6 7
13 4 9 7 4 3 1 0 2 5 6
13 4 9 7 5 4 0 2 3 6 1
13 6 7 0 5 4 1 2 3 6 7
13 6 7 7 3 5 1 0 2 4 6
13 8 5 7 3 5 0 2 4 6 1
13 10 3 0 3 5 1 2 4 6 7
13 4 9 2 7 4 1 6 5 3 0
13 6 7 0 4 3 7 2 5 6 1
13 8 5 1 4 3 0 2 5 6 7
13 6 7 0 5 4 7 2 3 6 1
13 8 5 1 5 4 0 2 3 6 7
13 10 3 0 3 5 7 2 4 6 1
13 12 1 1 3 5 0 2 4 6 7
13 9 4 1 4 3 7 2 5 6 0
13 9 4 1 5 4 7 2 3 6 0
13 13 0 1 3 5 7 2 4 6 0
