11 0 11 4 6 5 2 1 3 7 0
11 1 10 4 6 5 2 1 3 0 7
11 1 10 4 6 5 0 1 3 7 2
12 4 8 4 6 5 7 1 3 0 2
13 3 10 4 6 0 2 1 3 7 5
13 3 10 0 6 5 2 1 3 7 4
13 2 11 4 6 5 2 1 0 3 7
13 2 11 4 6 0 2 1 3 5 7
13 2 11 4 6 0 5 1 3 7 2
13 3 10 0 6 5 4 1 3 7 2
13 5 8 4 6 5 7 1 3 2 0
13 4 9 4 6 2 0 1 3 7 5
13 4 9 1 6 5 2 0 3 7 4
13 3 10 4 0 5 2 1 6 3 7
13 3 10 4 6 2 0 1 3 5 7
13 3 10 4 0 6 2 1 3 5 7
13 3 10 4 0 6 5 1 3 7 2
13 3 10 4 6 7 5 1 3 0 2
13 4 9 1 6 5 4 0 3 7 2
13 6 7 0 6 2 4 1 3 7 5
13 4 9 4 5 0 2 1 6 3 7
13 4 9 0 4 5 2 1 6 3 7
13 5 8 0 6 2 4 1 3 5 7
13 4 9 0 4 6 2 1 3 5 7
13 4 9 4 3 6 2 1 0 5 7
13 4 9 0 4 6 5 1 3 7 2
13 4 9 4 3 6 5 1 0 7 2
13 7 6 1 6 2 4 0 3 7 5
13 5 8 4 5 2 0 1 6 3 7
13 5 8 4 5 3 2 1 6 0 7
13 5 8 1 4 5 2 0 6 3 7
13 6 7 2 4 5 0 1 6 3 7
13 6 7 1 6 2 4 0 3 5 7
13 5 8 1 4 6 2 0 3 5 7
13 6 7 2 4 6 0 1 3 5 7
13 5 8 1 4 6 5 0 3 7 2
13 9 4 1 6 2 4 5 3 7 0
13 7 6 0 5 2 4 1 6 3 7
13 6 7 4 5 3 2 1 6 7 0
13 8 5 1 4 5 0 2 6 3 7
13 7 6 2 4 5 7 1 6 3 0
13 8 5 1 4 6 0 2 3 5 7
13 7 6 2 4 6 7 1 3 5 0
13 7 6 1 4 6 5 2 3 7 0
13 8 5 5 0 2 4 1 6 3 7
13 8 5 1 5 2 4 0 6 3 7
13 9 4 1 4 5 7 2 6 3 0
13 9 4 1 4 6 7 2 3 5 0
13 8 5 1 4 6 5 2 3 0 7
13 9 4 5 2 0 4 1 6 3 7
13 9 4 1 4 0 5 2 3 6 7
13 10 3 5 2 3 4 1 6 0 7
13 10 3 1 4 5 0 2 3 6 7
13 11 2 5 2 3 4 1 6 7 0
13 11 2 1 4 5 7 2 3 6 0
14 5 9 4 6 5 7 1 0 3 2
14 5 9 4 6 0 7 1 3 5 2
14 5 9 2 6 5 0 1 3 7 4
14 6 8 2 6 5 4 1 3 7 0
14 7 7 1 6 5 0 2 3 7 4
14 4 10 4 6 2 7 1 3 5 0
14 4 10 4 6 7 5 1 3 2 0
14 6 8 1 6 5 4 2 3 7 0
14 11 3 1 0 2 4 5 6 3 7
14 6 8 4 0 5 7 1 6 3 2
14 6 8 4 0 6 7 1 3 5 2
14 7 7 1 6 5 4 2 3 0 7
14 12 2 1 2 0 4 5 6 3 7
14 7 7 0 4 5 7 1 6 3 2
14 7 7 0 4 6 7 1 3 5 2
14 7 7 4 3 6 7 1 0 5 2
14 13 1 1 2 3 4 5 6 0 7
14 8 6 1 4 5 7 0 6 3 2
14 8 6 1 4 6 7 0 3 5 2
14 14 0 1 2 3 4 5 6 7 0
