7 0 7 1 5 0 7 3 6 4 2
7 1 6 1 0 5 7 3 6 4 2
9 1 8 1 5 7 0 3 6 4 2
9 1 8 1 5 4 7 3 6 0 2
9 2 7 0 1 5 7 3 6 4 2
9 2 7 1 6 5 7 3 0 4 2
9 2 7 1 5 4 7 3 0 6 2
9 3 6 3 1 5 7 0 6 4 2
9 3 6 1 6 5 7 3 4 0 2
9 3 6 1 6 5 7 0 3 4 2
9 3 6 1 5 4 7 0 3 6 2
9 5 4 3 1 5 7 2 6 4 0
9 5 4 1 6 5 7 2 3 4 0
9 5 4 1 5 4 7 2 3 6 0
10 2 8 1 5 4 7 3 6 2 0
10 4 6 1 6 5 7 3 4 2 0
11 2 9 1 5 7 2 3 6 4 0
11 5 6 2 1 5 7 3 6 4 0
11 3 8 1 0 4 7 3 5 6 2
11 4 7 3 1 5 7 6 0 4 2
11 4 7 1 6 0 7 3 4 5 2
11 4 7 0 6 5 7 1 3 4 2
11 4 7 0 5 4 7 1 3 6 2
11 6 5 3 1 5 7 2 6 0 4
11 6 5 3 1 5 0 2 6 4 7
11 6 5 1 6 5 7 2 3 0 4
11 6 5 1 6 5 0 2 3 4 7
11 6 5 1 5 4 7 2 3 0 6
11 6 5 1 5 4 0 2 3 6 7
11 4 7 1 4 0 7 3 5 6 2
11 5 6 3 1 5 7 6 4 0 2
11 5 6 1 0 6 7 3 4 5 2
11 7 4 3 1 5 7 2 0 6 4
11 7 4 1 5 0 7 2 3 4 6
11 8 3 1 0 5 7 2 3 4 6
11 9 2 1 3 5 7 2 0 4 6
11 10 1 1 3 5 7 2 4 0 6
11 11 0 1 3 5 7 2 4 6 0
