0 0 12 7 1 4 6 3 0 5 2
0 0 11 7 1 4 6 0 3 5 2
0 0 9 7 1 4 6 2 3 5 0
0 0 8 7 1 4 0 2 3 5 6
0 0 6 0 1 4 7 2 3 5 6
0 0 5 1 0 4 7 2 3 5 6
0 0 4 1 4 0 7 2 3 5 6
0 0 3 1 4 5 7 2 3 0 6
0 0 2 1 4 5 7 2 3 6 0
0 0 3 1 4 5 0 2 3 6 7
0 0 4 1 3 4 7 2 0 5 6
0 0 4 1 4 5 7 2 0 3 6
0 0 3 1 0 5 7 2 4 3 6
0 0 4 1 4 5 7 0 3 6 2
0 0 4 1 4 0 7 2 3 6 5
0 0 4 1 4 0 5 2 3 6 7
0 0 4 1 5 0 7 2 4 3 6
0 0 3 1 5 3 7 2 4 0 6
0 0 2 1 5 3 7 2 4 6 0
0 0 3 1 5 3 0 2 4 6 7
0 0 4 0 1 5 7 2 4 3 6
0 0 4 1 0 5 7 4 3 6 2
0 0 3 1 3 5 7 4 0 6 2
0 0 2 1 3 5 7 0 4 6 2
0 0 0 1 3 5 7 2 4 6 0
