12 0 12 7 6 3 2 5 4 1 0
13 1 12 7 6 3 2 5 4 0 1
13 3 10 0 6 3 2 5 4 1 7
13 2 11 7 6 3 2 5 0 4 1
13 3 10 7 0 3 2 5 6 4 1
13 4 9 0 7 3 2 5 6 4 1
13 7 6 1 7 3 2 5 6 4 0
13 8 5 1 7 3 2 5 6 0 4
14 1 13 7 6 3 0 5 4 1 2
14 5 9 2 6 3 0 5 4 1 7
14 6 8 2 7 3 0 5 6 4 1
14 3 11 0 6 3 7 5 4 1 2
14 7 7 2 7 3 1 5 6 4 0
14 4 10 5 6 3 7 0 4 1 2
14 8 6 2 7 3 1 5 6 0 4
14 6 8 5 6 3 7 2 4 1 0
15 2 13 7 6 3 2 0 4 1 5
15 2 13 7 6 0 2 5 4 3 1
15 4 11 6 0 3 2 5 4 1 7
15 4 11 5 6 3 2 0 4 1 7
15 6 9 4 6 3 2 5 0 1 7
15 3 12 7 6 3 2 0 5 4 1
15 4 11 7 3 0 2 5 6 4 1
15 5 10 5 7 3 2 0 6 4 1
15 8 7 1 7 3 0 5 6 4 2
15 9 6 1 7 3 2 5 0 6 4
15 9 6 1 7 0 2 5 6 3 4
15 4 11 7 6 3 5 0 4 1 2
15 9 6 2 7 3 4 5 6 0 1
15 7 8 5 6 3 7 2 4 0 1
15 5 10 7 6 3 0 2 4 1 5
15 3 12 7 6 2 0 5 4 3 1
15 5 10 6 4 3 2 5 0 1 7
15 7 8 4 6 3 2 5 1 0 7
15 7 8 4 0 3 2 5 6 1 7
15 4 11 0 6 3 2 7 5 4 1
15 5 10 7 6 3 2 1 5 4 0
15 5 10 7 3 2 0 5 6 4 1
15 5 10 7 3 4 2 5 6 0 1
15 7 8 5 7 3 2 1 6 4 0
15 10 5 1 0 3 2 5 7 6 4
15 10 5 1 7 2 0 5 6 3 4
15 10 5 1 0 7 2 5 6 3 4
15 6 9 7 6 3 5 2 4 1 0
15 7 8 0 6 3 7 2 4 1 5
15 4 11 7 6 2 1 5 4 3 0
15 6 9 6 4 3 2 5 1 0 7
15 8 7 4 6 3 2 5 1 7 0
15 7 8 1 6 3 2 7 5 4 0
15 6 9 7 6 3 2 1 5 0 4
15 6 9 7 3 2 1 5 6 4 0
15 8 7 5 7 3 2 1 6 0 4
15 11 4 1 7 2 4 5 6 3 0
15 7 8 6 4 3 2 5 1 7 0
15 8 7 1 6 3 2 7 5 0 4
15 7 8 7 3 2 1 5 6 0 4
16 2 14 7 6 0 3 5 4 1 2
16 4 12 7 6 3 1 5 4 0 2
16 6 10 2 6 0 3 5 4 1 7
16 6 10 2 6 3 7 5 4 1 0
16 8 8 2 6 3 1 5 4 0 7
16 7 9 2 7 0 3 5 6 4 1
16 4 12 6 0 3 7 5 4 1 2
16 5 11 5 6 3 7 4 0 1 2
16 9 7 2 7 3 1 5 0 6 4
16 9 7 2 7 0 1 5 6 3 4
16 7 9 5 6 3 0 2 4 1 7
16 3 13 0 6 3 2 7 4 1 5
16 5 11 5 6 3 2 4 0 1 7
16 11 5 1 7 3 4 5 6 0 2
16 10 6 2 7 3 4 5 6 1 0
16 5 11 0 6 2 7 5 4 3 1
16 8 8 0 4 3 2 5 6 1 7
16 6 10 2 6 3 0 7 5 4 1
16 8 8 0 6 3 2 1 5 4 7
16 7 9 0 3 2 7 5 6 4 1
16 8 8 7 3 2 4 5 6 0 1
16 6 10 7 3 4 2 5 6 1 0
16 7 9 7 6 3 5 2 4 0 1
16 7 9 0 6 2 1 5 4 3 7
16 9 7 1 6 3 2 0 5 4 7
16 9 7 0 3 2 1 5 6 4 7
16 3 13 7 0 6 3 5 4 1 2
16 3 13 7 6 1 3 5 4 0 2
16 5 11 7 6 3 1 5 4 2 0
16 5 11 7 6 3 1 5 0 4 2
16 7 9 2 6 1 3 5 4 0 7
16 9 7 2 6 3 1 5 4 7 0
16 9 7 2 6 3 1 5 0 4 7
16 8 8 2 0 7 3 5 6 4 1
16 8 8 2 7 4 3 5 6 0 1
16 5 11 6 3 0 7 5 4 1 2
16 6 10 5 6 3 7 4 1 0 2
16 6 10 5 0 3 7 4 6 1 2
16 10 6 2 0 3 1 5 7 6 4
16 10 6 2 0 7 1 5 6 3 4
16 6 10 5 6 3 2 4 1 0 7
16 6 10 5 0 3 2 4 6 1 7
16 12 4 1 7 3 4 5 6 2 0
16 8 8 1 6 2 7 5 4 3 0
16 7 9 2 6 3 1 7 5 4 0
16 10 6 1 3 2 7 5 6 4 0
16 9 7 1 6 2 0 5 4 3 7
16 10 6 1 6 3 2 5 0 4 7
16 11 5 1 3 2 0 5 6 4 7
16 4 12 7 6 1 3 5 4 2 0
16 4 12 7 6 1 3 5 0 4 2
16 6 10 7 0 3 1 5 6 4 2
16 8 8 2 6 1 3 5 4 7 0
16 8 8 2 6 1 3 5 0 4 7
16 10 6 2 0 3 1 5 6 4 7
16 9 7 0 2 7 3 5 6 4 1
16 6 10 6 3 1 7 5 4 0 2
16 7 9 5 3 0 7 4 6 1 2
16 7 9 0 5 3 7 4 6 1 2
16 11 5 0 2 3 1 5 7 6 4
16 11 5 0 2 7 1 5 6 3 4
16 7 9 5 6 3 2 4 1 7 0
16 8 8 2 6 3 1 7 5 0 4
16 11 5 1 3 2 7 5 6 0 4
16 11 5 1 0 3 2 5 6 4 7
16 5 11 7 0 1 3 5 6 4 2
16 7 9 0 7 3 1 5 6 4 2
16 9 7 2 0 1 3 5 6 4 7
16 11 5 0 2 3 1 5 6 4 7
16 12 4 1 2 7 3 5 6 4 0
16 8 8 5 3 1 7 4 6 0 2
16 13 3 1 2 3 0 5 7 6 4
16 13 3 1 2 7 0 5 6 3 4
16 9 7 5 6 3 2 0 1 7 4
16 6 10 7 1 0 3 5 6 4 2
16 6 10 0 7 1 3 5 6 4 2
16 10 6 2 1 0 3 5 6 4 7
16 10 6 0 2 1 3 5 6 4 7
16 13 3 1 2 3 0 5 6 4 7
16 13 3 1 2 7 3 5 6 0 4
16 9 7 5 3 1 7 4 0 6 2
16 14 2 1 2 3 4 5 7 6 0
16 14 2 1 2 7 4 5 6 3 0
16 10 6 5 6 3 2 1 0 7 4
16 10 6 0 6 3 2 5 1 7 4
16 7 9 7 1 3 0 5 6 4 2
16 7 9 7 1 4 3 5 6 0 2
16 11 5 2 1 3 0 5 6 4 7
16 11 5 2 1 4 3 5 6 0 7
16 14 2 1 2 0 3 5 6 7 4
16 10 6 5 3 1 7 0 4 6 2
16 11 5 5 0 3 2 1 6 7 4
16 8 8 7 1 3 2 5 6 4 0
16 8 8 7 1 4 3 5 6 2 0
16 12 4 2 1 4 3 5 6 7 0
16 15 1 1 2 3 0 5 6 7 4
16 12 4 5 3 1 7 2 4 6 0
16 9 7 7 1 3 2 5 6 0 4
16 16 0 1 2 3 4 5 6 7 0
