11 0 11 3 7 2 0 1 5 4 6
12 1 11 3 7 0 2 1 5 4 6
12 2 10 0 7 2 3 1 5 4 6
12 3 9 3 7 2 4 1 5 0 6
12 2 10 3 0 7 2 1 5 4 6
12 3 9 1 7 2 3 0 5 4 6
12 4 8 3 7 2 4 1 5 6 0
12 3 9 0 3 7 2 1 5 4 6
12 3 9 3 5 7 2 1 0 4 6
12 4 8 1 7 2 3 5 0 4 6
12 4 8 1 3 7 2 0 5 4 6
12 5 7 2 3 7 0 1 5 4 6
12 4 8 3 5 7 2 1 4 0 6
12 5 7 1 0 2 3 5 7 4 6
12 7 5 1 3 7 0 2 5 4 6
12 6 6 2 3 0 7 1 5 4 6
12 5 7 3 5 7 2 1 4 6 0
12 6 6 1 2 0 3 5 7 4 6
12 8 4 1 3 0 7 2 5 4 6
12 6 6 3 5 7 0 1 4 6 2
12 7 5 1 2 3 0 5 7 4 6
12 7 5 1 2 4 3 5 7 0 6
12 7 5 3 5 0 7 1 4 6 2
12 8 4 1 2 4 3 5 7 6 0
12 8 4 1 2 4 3 5 0 7 6
12 8 4 3 0 5 7 1 4 6 2
12 9 3 0 3 5 7 1 4 6 2
12 10 2 1 3 5 7 0 4 6 2
12 12 0 1 3 5 7 2 4 6 0
