12 0 12 4 2 6 0 7 5 1 3
12 1 11 4 2 6 3 7 5 1 0
12 2 10 0 2 6 4 7 5 1 3
13 2 11 4 2 6 3 7 5 0 1
13 3 10 4 2 6 3 0 5 1 7
13 3 10 4 2 0 3 7 5 6 1
13 4 9 4 2 6 3 5 0 1 7
13 4 9 4 2 3 0 7 5 6 1
13 5 8 4 2 6 3 5 1 0 7
13 5 8 4 2 3 1 7 5 6 0
13 6 7 0 2 3 4 7 5 6 1
13 6 7 4 2 6 3 5 1 7 0
13 6 7 4 2 0 3 5 1 6 7
13 9 4 1 2 3 4 7 5 6 0
13 7 6 4 2 3 0 5 1 6 7
13 9 4 0 2 3 4 5 1 6 7
14 1 13 4 2 0 6 7 5 1 3
14 3 11 4 2 6 1 7 5 0 3
14 4 10 0 2 6 3 7 5 1 4
14 3 11 2 0 6 4 7 5 1 3
14 3 11 7 2 6 4 0 5 1 3
14 7 7 4 2 3 1 0 5 6 7
14 11 3 1 2 3 4 0 5 6 7
14 12 2 1 2 3 4 5 0 6 7
14 2 12 4 2 1 6 7 5 0 3
14 4 10 4 2 6 1 7 5 3 0
14 4 10 4 2 0 1 7 5 6 3
14 4 10 2 6 0 4 7 5 1 3
14 4 10 7 2 6 4 5 0 1 3
14 8 6 4 2 3 1 5 0 6 7
14 13 1 1 2 3 4 5 6 0 7
14 3 11 4 2 1 6 7 5 3 0
14 5 9 2 6 1 4 7 5 0 3
14 5 9 7 2 6 4 5 1 0 3
14 9 5 4 2 3 1 5 6 0 7
14 14 0 1 2 3 4 5 6 7 0
