4 0 4 0 2 3 4 7 5 6 1
5 1 4 7 2 3 4 0 5 6 1
5 2 3 7 2 3 4 5 0 6 1
5 3 2 7 2 3 4 5 6 0 1
6 1 5 2 0 3 4 7 5 6 1
6 3 3 1 2 3 4 7 5 6 0
6 4 2 7 2 3 4 5 6 1 0
7 2 5 4 2 3 0 7 5 6 1
7 3 4 5 2 3 4 7 0 6 1
7 3 4 7 2 3 4 1 5 6 0
7 3 4 7 0 3 4 5 2 6 1
7 4 3 7 2 0 4 5 6 3 1
7 2 5 2 3 0 4 7 5 6 1
7 2 5 2 5 3 4 7 0 6 1
7 4 3 1 2 3 4 7 5 0 6
7 4 3 5 2 3 4 7 6 0 1
7 3 4 2 5 3 4 7 6 0 1
8 4 4 1 2 3 0 7 5 6 4
8 5 3 1 2 3 4 0 5 6 7
8 5 3 7 2 3 0 5 6 1 4
8 3 5 4 2 3 1 7 5 6 0
8 4 4 5 2 3 4 0 7 6 1
8 4 4 7 2 3 4 1 5 0 6
8 4 4 0 7 3 4 5 2 6 1
8 3 5 2 3 4 0 7 5 6 1
8 3 5 2 5 3 4 0 7 6 1
8 5 3 1 2 3 4 7 0 5 6
8 5 3 5 2 3 4 7 6 1 0
8 4 4 2 5 3 4 7 6 1 0
8 6 2 1 2 3 4 5 0 6 7
8 5 3 0 2 3 4 5 7 6 1
8 7 1 1 2 3 4 5 6 0 7
8 8 0 1 2 3 4 5 6 7 0
