10 0 10 6 4 3 2 1 7 0 5
10 1 9 6 4 3 2 1 0 7 5
11 1 10 6 4 3 2 1 7 5 0
12 1 11 6 4 0 2 1 7 3 5
12 2 10 6 4 3 2 0 1 7 5
12 2 10 6 0 3 2 1 4 7 5
12 2 10 6 4 2 0 1 7 3 5
12 2 10 6 0 4 2 1 7 3 5
12 3 9 0 4 3 2 6 1 7 5
12 4 8 6 4 3 2 5 1 7 0
12 3 9 0 6 3 2 1 4 7 5
12 3 9 0 6 4 2 1 7 3 5
12 4 8 1 6 3 2 0 4 7 5
12 4 8 1 6 4 2 0 7 3 5
12 6 6 1 6 3 2 5 4 7 0
12 6 6 1 6 4 2 5 7 3 0
13 2 11 6 4 3 0 1 7 5 2
13 4 9 4 0 3 2 6 1 7 5
13 5 8 2 4 3 0 6 1 7 5
13 6 7 1 4 3 2 6 0 7 5
13 5 8 2 6 3 0 1 4 7 5
13 5 8 2 6 4 0 1 7 3 5
13 5 8 1 6 3 2 4 0 7 5
13 5 8 4 1 3 2 6 0 7 5
13 7 6 1 4 3 2 0 6 7 5
13 6 7 2 6 0 4 1 7 3 5
13 6 7 1 0 3 2 4 6 7 5
13 6 7 4 1 3 2 0 6 7 5
13 9 4 1 4 3 2 5 6 7 0
13 7 6 2 6 3 4 1 7 0 5
13 8 5 4 1 3 2 5 6 7 0
13 8 5 2 6 3 4 1 0 7 5
13 9 4 2 0 3 4 1 6 7 5
13 10 3 0 2 3 4 1 6 7 5
13 11 2 1 2 3 4 0 6 7 5
13 13 0 1 2 3 4 5 6 7 0
