10 0 10 7 1 2 4 6 3 5 0
11 1 10 7 1 2 4 6 3 0 5
11 3 8 0 1 2 4 6 3 5 7
11 2 9 7 1 2 4 6 0 3 5
11 4 7 1 0 2 4 6 3 5 7
11 3 8 7 1 2 4 0 6 3 5
11 5 6 1 2 0 4 6 3 5 7
11 5 6 1 3 2 4 6 0 5 7
11 4 7 0 1 2 4 7 6 3 5
11 5 6 7 1 2 4 5 6 3 0
11 6 5 1 3 2 4 6 5 0 7
11 6 5 1 3 2 4 0 6 5 7
11 5 6 1 0 2 4 7 6 3 5
11 7 4 1 3 2 4 6 5 7 0
11 6 5 1 2 0 4 7 6 3 5
11 7 4 1 2 3 4 7 6 0 5
12 1 11 7 1 2 0 6 3 5 4
12 8 4 0 1 2 4 5 6 3 7
12 8 4 1 2 3 4 7 6 5 0
12 9 3 1 0 2 4 5 6 3 7
12 10 2 1 2 0 4 5 6 3 7
12 11 1 1 2 3 4 5 6 0 7
12 12 0 1 2 3 4 5 6 7 0
