9 0 9 5 2 6 3 4 1 7 0
9 2 7 5 2 6 3 0 1 7 4
9 3 6 5 2 6 3 1 0 7 4
9 3 6 0 2 6 3 5 1 7 4
10 6 4 1 2 6 3 5 0 7 4
11 1 10 5 2 6 3 4 1 0 7
11 1 10 5 2 6 0 4 1 7 3
11 4 7 5 2 6 3 1 7 0 4
11 4 7 5 0 6 3 1 2 7 4
11 4 7 2 0 6 3 5 1 7 4
11 2 9 5 2 0 3 4 1 6 7
11 4 7 5 2 6 4 0 1 7 3
11 5 6 5 2 0 3 1 7 6 4
11 5 6 5 6 0 3 1 2 7 4
11 5 6 2 6 0 3 5 1 7 4
11 5 6 2 1 6 3 5 0 7 4
11 3 8 5 2 3 0 4 1 6 7
11 5 6 5 2 6 4 1 0 7 3
11 5 6 0 2 6 4 5 1 7 3
11 6 5 5 2 3 0 1 7 6 4
11 6 5 5 6 3 0 1 2 7 4
11 6 5 2 6 3 0 5 1 7 4
11 6 5 5 2 3 4 0 1 6 7
11 7 4 5 2 3 4 1 7 6 0
11 7 4 5 6 3 4 1 2 7 0
11 7 4 2 6 3 4 5 1 7 0
11 7 4 5 2 3 4 1 0 6 7
11 7 4 0 2 3 4 5 1 6 7
11 8 3 5 2 3 4 1 6 0 7
11 9 2 5 2 3 4 1 6 7 0
12 3 9 5 2 0 3 4 1 7 6
12 5 7 3 2 6 0 5 1 7 4
12 7 5 1 2 6 3 5 7 0 4
12 7 5 1 2 6 3 0 5 7 4
12 7 5 1 0 6 3 5 2 7 4
12 4 8 5 2 3 7 4 1 6 0
12 8 4 1 2 6 4 5 0 7 3
12 10 2 1 2 3 4 5 0 6 7
12 4 8 5 2 3 0 4 1 7 6
12 6 6 3 2 6 4 5 1 7 0
12 8 4 1 2 0 3 5 7 6 4
12 8 4 1 6 0 3 5 2 7 4
12 11 1 1 2 3 4 5 6 0 7
12 7 5 5 2 3 4 0 1 7 6
12 9 3 1 2 3 0 5 7 6 4
12 9 3 1 6 3 0 5 2 7 4
12 12 0 1 2 3 4 5 6 7 0
