12 0 12 7 6 0 2 5 3 1 4
12 1 11 7 6 2 0 5 3 1 4
12 1 11 7 6 1 2 5 3 0 4
12 2 10 7 6 2 4 5 3 1 0
12 2 10 7 6 1 2 5 0 3 4
12 3 9 7 0 1 2 5 6 3 4
12 4 8 7 1 0 2 5 6 3 4
12 4 8 0 7 1 2 5 6 3 4
12 5 7 7 1 2 0 5 6 3 4
12 5 7 7 1 3 2 5 6 0 4
12 6 6 7 1 2 4 5 6 3 0
13 3 10 0 6 2 7 5 3 1 4
13 3 10 7 6 2 4 5 3 0 1
13 5 8 0 6 2 4 5 3 1 7
13 6 7 2 7 1 0 5 6 3 4
13 7 6 0 1 2 7 5 6 3 4
13 9 4 0 1 2 4 5 6 3 7
13 4 9 7 6 2 4 5 0 3 1
13 7 6 2 7 1 4 5 6 3 0
13 8 5 1 0 2 7 5 6 3 4
13 10 3 1 0 2 4 5 6 3 7
13 5 8 7 0 2 4 5 6 3 1
13 9 4 1 2 0 7 5 6 3 4
13 11 2 1 2 0 4 5 6 3 7
13 6 7 7 2 0 4 5 6 3 1
13 6 7 0 7 2 4 5 6 3 1
13 10 3 1 2 7 0 5 6 3 4
13 10 3 1 2 3 7 5 6 0 4
13 12 1 1 2 3 4 5 6 0 7
13 7 6 7 2 3 4 5 6 0 1
13 9 4 1 7 2 4 5 6 3 0
13 11 2 1 2 7 4 5 6 3 0
13 13 0 1 2 3 4 5 6 7 0
