9 0 9 1 2 5 3 4 7 0 6
9 1 8 1 2 5 3 4 7 6 0
9 1 8 1 2 5 3 4 0 7 6
9 2 7 1 2 5 3 0 4 7 6
9 2 7 1 0 5 3 4 2 7 6
10 1 9 1 2 0 3 4 7 5 6
10 3 7 1 2 5 3 0 7 6 4
10 5 5 1 0 5 3 2 4 7 6
10 2 8 1 2 3 0 4 7 5 6
10 5 5 1 2 3 4 0 7 5 6
11 2 9 1 2 5 0 4 7 6 3
11 3 8 0 2 5 3 1 4 7 6
11 3 8 1 5 0 3 4 2 7 6
11 3 8 0 1 5 3 4 2 7 6
11 7 4 1 2 3 4 6 7 5 0
11 4 7 2 0 5 3 1 4 7 6
11 4 7 1 5 3 0 4 2 7 6
11 4 7 1 5 7 3 4 2 0 6
11 5 6 1 5 7 3 4 2 6 0
12 4 8 1 2 0 3 4 7 6 5
12 4 8 1 2 5 3 6 4 7 0
12 5 7 1 2 5 0 3 4 7 6
12 2 10 1 0 2 3 4 7 5 6
12 4 8 1 2 5 3 7 0 6 4
12 4 8 0 2 5 3 1 7 6 4
12 6 6 1 5 0 3 2 4 7 6
12 6 6 0 1 5 3 2 4 7 6
12 6 6 1 4 5 3 2 0 7 6
12 3 9 1 2 3 6 4 7 5 0
12 6 6 1 2 3 4 7 0 5 6
12 6 6 0 2 3 4 1 7 5 6
12 5 7 1 2 5 4 0 7 6 3
12 5 7 3 2 5 0 1 4 7 6
12 5 7 3 1 5 0 4 2 7 6
12 8 4 1 2 3 4 6 7 0 5
12 7 5 1 5 3 7 4 2 0 6
12 7 5 1 5 3 4 0 2 7 6
12 5 7 1 2 3 0 4 7 6 5
12 5 7 1 2 5 3 6 4 0 7
12 5 7 1 2 5 3 7 6 0 4
12 7 5 1 5 3 0 2 4 7 6
12 7 5 1 5 7 3 2 4 0 6
12 5 7 1 2 3 6 0 7 5 4
12 7 5 1 2 3 4 7 5 0 6
12 9 3 1 2 3 4 6 0 7 5
12 8 4 1 5 3 7 4 2 6 0
12 8 4 1 2 3 4 0 7 6 5
12 6 6 1 2 0 3 7 6 5 4
12 8 4 1 5 7 3 2 4 6 0
12 8 4 1 2 3 4 7 5 6 0
12 10 2 1 2 3 4 0 6 7 5
12 10 2 1 2 3 4 5 7 6 0
12 7 5 1 2 3 0 7 6 5 4
12 12 0 1 2 3 4 5 6 7 0
