7 0 7 3 7 5 0 1 2 4 6
9 1 8 3 7 0 5 1 2 4 6
9 1 8 3 7 5 6 1 2 4 0
9 2 7 3 0 7 5 1 2 4 6
9 3 6 0 3 7 5 1 2 4 6
9 4 5 1 3 7 5 0 2 4 6
9 5 4 1 3 7 5 2 0 4 6
9 6 3 1 3 7 5 2 4 0 6
9 7 2 1 3 7 5 2 4 6 0
10 2 8 0 7 5 3 1 2 4 6
10 3 7 1 7 5 3 0 2 4 6
10 4 6 1 7 5 3 2 0 4 6
10 5 5 1 7 5 3 2 4 0 6
10 6 4 1 7 5 3 2 4 6 0
11 3 8 3 7 5 1 0 2 4 6
11 2 9 3 7 4 5 1 2 0 6
11 2 9 3 7 5 6 1 2 0 4
11 3 8 3 2 7 5 1 0 4 6
11 6 5 1 0 7 5 2 3 4 6
11 7 4 1 3 0 5 2 4 7 6
11 8 3 1 3 7 0 2 4 6 5
11 3 8 7 0 5 3 1 2 4 6
11 4 7 3 7 5 1 2 0 4 6
11 3 8 3 7 4 5 1 2 6 0
11 4 7 3 2 7 5 1 4 0 6
11 8 3 1 3 5 0 2 4 7 6
11 9 2 1 3 0 7 2 4 6 5
11 5 6 3 7 5 1 2 4 0 6
11 5 6 3 2 7 5 1 4 6 0
11 6 5 3 7 5 1 2 4 6 0
12 3 9 3 7 5 4 1 2 0 6
12 5 7 5 3 7 0 1 2 4 6
12 6 6 2 3 7 5 1 0 4 6
12 6 6 1 3 7 5 6 2 4 0
12 10 2 1 3 0 5 2 4 6 7
12 5 7 1 0 5 3 2 7 4 6
12 6 6 1 7 0 3 2 4 5 6
12 7 5 1 7 5 0 2 4 6 3
12 11 1 1 3 5 7 2 4 0 6
12 4 8 3 7 5 4 1 2 6 0
12 6 6 5 3 0 7 1 2 4 6
12 7 5 2 3 7 5 1 4 0 6
12 11 1 1 3 5 0 2 4 6 7
12 7 5 1 7 3 0 2 4 5 6
12 7 5 1 0 7 3 2 4 5 6
12 12 0 1 3 5 7 2 4 6 0
