11 0 11 6 7 3 2 0 1 5 4
11 1 10 6 7 3 2 1 0 5 4
11 1 10 0 7 3 2 6 1 5 4
11 2 9 6 7 3 2 1 5 0 4
11 2 9 6 0 3 2 1 7 5 4
11 3 8 0 6 3 2 1 7 5 4
11 4 7 1 6 3 2 0 7 5 4
12 3 9 2 7 3 0 6 1 5 4
12 4 8 1 7 3 2 6 0 5 4
12 5 7 2 6 3 0 1 7 5 4
12 4 8 2 7 3 4 6 1 5 0
12 5 7 1 7 3 2 6 5 0 4
12 5 7 1 7 3 2 0 6 5 4
12 5 7 1 0 3 2 6 7 5 4
12 6 6 2 6 3 4 1 7 5 0
13 2 11 7 0 3 2 6 1 5 4
13 3 10 6 7 3 2 1 5 4 0
13 3 10 6 7 0 2 1 5 3 4
13 3 10 6 3 0 2 1 7 5 4
13 5 8 1 6 3 2 7 0 5 4
13 5 8 2 7 3 4 6 1 0 5
13 7 6 2 6 3 4 1 7 0 5
13 3 10 7 1 3 2 6 0 5 4
13 4 9 6 7 2 0 1 5 3 4
13 4 9 6 0 7 2 1 5 3 4
13 4 9 6 3 2 0 1 7 5 4
13 6 7 1 6 3 2 7 5 0 4
13 6 7 1 0 3 2 7 6 5 4
13 8 5 2 6 3 4 1 0 7 5
13 4 9 7 1 3 2 6 5 0 4
13 4 9 7 1 3 2 0 6 5 4
13 5 8 6 7 2 4 1 5 3 0
13 5 8 0 6 7 2 1 5 3 4
13 5 8 6 3 2 4 1 7 5 0
13 9 4 2 0 3 4 1 6 7 5
13 5 8 0 1 3 2 7 6 5 4
13 6 7 1 6 7 2 0 5 3 4
13 10 3 0 2 3 4 1 6 7 5
13 7 6 1 6 7 2 5 0 3 4
13 11 2 1 2 3 4 0 6 7 5
13 8 5 1 0 7 2 5 6 3 4
13 13 0 1 2 3 4 5 6 7 0
